-0.0731824730782469	-0.0854038413983935	-0.0613588700569618
0.0589942491205933	0.0285055554111313	-0.00567226745590332
0.00794523355451604	-0.0208242716535523	-0.00341884294527084
0	0.0163646841423715	0.00455582182688818
0.00716848947861237	0.0502342654713606	0.0202705785591495
-0.0475413849287341	-0.00223964721655667	-0.0247807457414293
0.0222231464585527	-0.0226767560679169	-0.0184792462472716
0.0734278190389199	0.106712709206593	-0.00934587231438533
0.103998197628719	0.0202027516494581	0.0139862567502380
-0.0248459985865304	0.0953100951706221	-0.0116416536335953
0.0309622256039668	-0.0493135348902247	0.00467291095663525
-0.0500104205746617	-0.0914590353927389	-0.00701751407327800
-0.0392207131532811	0.00842112145972696	-0.0118065925010287
-0.00668898815079677	-0.0190482383214148	-0.0119475190800564
-0.0265230650610935	0.00638981273309103	-0.00723774379625608
-0.0201893846835062	-0.0106724843859856	0.0120339212722318
0.0256875187777590	0.0256343399045162	-0.00239528125072241
0.0739612450904801	-0.0342551029263380	-0.0144928863270564
-0.0725912208725963	-0.0440285475569917	-0.00732611711625708
-0.0412220951960838	0.0221461246612424	0.0194181072180601
0.0206986441246633	0.0259865531041754	0.0190482155255789
0.0411015489419508	0.0444799800201436	0.0415764703737289
0.0100165530964138	0.0204089164201760	0.0112486606387794
-0.00332745462357753	-0.00974431274532650	0.0155385576478908
0.0145600803582453	0.0551618888880339	0.0131293060896582
-0.0145600803582453	-0.0454175761427074	-0.0219789313488898
0.0392205927284901	0.0160324420799940	-0.0224728816017246
-0.0161553274466248	-0.0261848357099810	-0.0560893973250218
-0.0331153718417383	-0.0655732184221418	-0.00240681090777151
0.00268939415465397	0.0344825620542881	0.0308447767724787
0.000671613932382797	0.0373972722891165	0.0611742239509474
-0.00673414399423455	0.00988810525062034	-0.0110499108889082
-0.0449120773134806	-0.00806457731996124	-0.0122974462456651
-0.0142353478039263	0.0180546918580591	-0.00117050153453668
-0.00359114952254824	-0.0574860410340747	-0.00446964524723681
0.00716861015097736	0.00441224530146611	0.00678687549888890
0.0212025595412615	0.00188501894103954	0.0266084215368236
-0.0428635665865702	-0.0122107056742236	0.0259188463106992
-0.0333983903613904	-0.0477208172995463	-0.0215739625168347
-0.0416084247015065	0.0119256234424112	0.00217634354675145
0.0966678221082056	-0.00771321530156133	0.0278477905698682
0.00804231623301366	0.0177613793642366	-0.0300241341166196
0.0140851704038454	-0.00676048212021341	0.0509665018518701
0	0.0173540551730023	0.0235305519619411
-0.0105448204197036	-0.0108109412391229	0.0345821230875987
0.00704167177217396	-0.0222012061126065	-0.0295392712190203
-0.0176988715016111	-0.0687704289780462	-0.0389792773901010
0.0419638318016147	-0.0289876014153418	-0.0275732958103418
-0.0348469820563193	0.0170113839296984	0.0212773009861906
0.00706738400009188	0.0470676129669441	-0.00210742497322292
-0.0271251378991351	-0.00230150187021660	-0.0106045043222824
-0.0123772475832493	-0.0141550409515783	-0.0303053810858622
0.0217398018230739	0.0394095358328421	0.0195870927578818
0.0282704720278351	-0.000224694320890340	0.00236791705259343
0.0103986198371366	-0.0181411249864052	-0.00456854779383198
-0.000689509528709831	0.0621040071447232	0.0221356295811734
0.000689509528709831	0.0501206770400526	0.0725706317984503
-0.00345393534049832	-0.0167066234161890	-0.0429075119323152
-0.0280720505574767	-0.0184724393314282	-0.00416306307812153
-0.0179539306689622	-0.0322956694654377	-0.0233518505932624
0.0411693628921968	0.0216459171578038	0.0127933372911544
-0.0375530354335027	-0.0527592656147800	-0.00848931596580460
-0.0395857910169504	-0.0537914776361435	-0.00537760734942383
-0.0151523162355720	-0.0238652329018993	0.0410368947907940
0.0151523162355720	0.0290921509969899	0.0143297901054722
0.0127004207339190	0.0143515302351589	0.00809712631123682
-0.0194908317115070	-0.0678924172848898	-0.0244909940448346
0.0290960453868352	-0.0253178670651320	-0.0250846713014554
-0.0268274479041559	-0.0394871008303568	0.0209439215744007
-0.0900371842281897	-0.0744570023281370	-0.0210074726543099
-0.104442094670569	-0.0823203927856033	-0.0568419746100211
0.0172809491086783	0.0736623108508132	-0.0386377613149116
0.0662833398552070	0.0508585276252731	-0.00694708939984157
-0.0213219893555654	-0.0746168477689073	-0.0456966300615593
0.0246917501300592	-0.0101433082987530	0.00245396349146954
-0.00759774486839993	-0.0227455369721303	-0.0198025590966444
0.0126316804164097	0.0388077869252577	0.0861776005114281
0.00417502407207815	0.0146458717752780	-0.0138570198196235
0.0206195064470860	0.0175822759694295	0
0.0746911172816995	0.0558402040874135	0.000232541633861771
-0.0307717973931263	-0.00813812896445043	0.0250272454483009
-0.0267126667566298	-0.0475524261285685	-0.00454554142154162
0.00400738946084855	-0.00749587160087684	0.00227529021233019
-0.0161287270570551	0.0171888032667327	-0.00227529021233019
0	-0.0528175249026694	0.00113835553573249
-0.00162803571911052	-0.0411752016061424	0.000909625825822769
-0.0314334184485072	0.0309538562163425	-0.0181217665778526
-0.000840557021831945	0.0236894413887607	-0.0243211318681404
-0.0290116906042792	0.0476748381828225	0.00680753708505666
0.0382211367958427	0.0749275534524760	0.0175135947830838
0.0408212920549413	0.0262787484842897	0.0318932857899377
-0.0534000495619047	-0.0256871129145324	-0.0101183268489877
0.00336931131539986	-0.0269722323048143	0.00336921500866172
-0.0500097944240840	-0.0159216027663955	-0.0228320582894508
-0.00176994286562682	-0.0234202168746349	-0.0292932699846560
-0.0351545159557998	0.00943383976666201	0.00663670456877030
0.0226766263068874	0.0767872094265019	-0.0125997558896045
0.0352459363343440	0.00578011566721326	0.0166078272453545
0.0398861531287795	0.0199722443156607	-0.0115965202583892
0.0148636138618365	0.0115153083226796	0.00924070002024369
0.00653589908400232	0.0272709262867625	0.00306135458858092
0.00325247494112002	-0.0275502615913514	-0.0149238989826643
0.0613887102574200	0.0648877724283659	0.0466513460925122
0.0406490623635900	0.0457939681173305	0.0575796968423403
-0.00958379163889633	-0.0276351348744743	-8.60474842618864e-05
-0.0217152140602215	0.00256745875834552	0.0348903002803471
0.0356915045973150	0.0228145552991101	0.0376619159134699
0.00945140406590106	-0.0159156110894845	0.00417149887843893
-0.00144826051990687	-0.0156551231925905	-0.000139560758512403
0.0143882410300886	-0.0296649894639818	-0.00599396195736057
0.0141849762288238	0.0384211684469467	0.00399996392896762
-0.0206344566667558	-0.00256745875834552	-0.0160968722910275
0.0339255155482530	-0.00308974684858088	-0.00406500394616183
0.00416099490759914	-0.0101075056236484	0.0280943966687448
0.0103273636361094	0.0335540057530745	-0.00196230451718193
-0.0137936559276977	0.0224170969336339	0.00987175585483602
0.0273996327572350	0.0455004791147751	0.0117188711630152
0.0134225566995250	-0.0235752356018608	0.000194164697762123
0.00664470279894847	-0.00725502306090453	0.00174568001590636
-0.0193917959804089	0.0334158536866034	0.0305367262927985
0.0193917959804089	0.00678458106752089	0.0241423646307806
0.0203216295568676	-0.0185910665245896	-0.0241423646307806
0.0186445116540037	0.00355654092892310	0.0241423646307806
0.00634863829561105	0.0417210911713926	0.0226765250532992
0.0133989466139730	-0.00706223408670237	0.0256761800279306
0.00374292533530651	-0.0417846330865870	-0.0247801789462665
0.00995664943529384	0.0223931511940041	0.000179502777789331
-0.0125075216009671	0.0433364639799394	-0.0394712520839500
0.0112639299918480	-0.00111657132775722	0.00372089580775414
-0.0484479681951231	-0.0398915450111796	-0.0600793330385061
-0.0332039096207972	0.0421234423255465	-0.0177065360243422
-0.0562451846074814	-0.0223207595614796	-0.0278841872441484
0.0629752190080928	0.0256598938731814	0.0314906230990797
0.0388076889872910	0.0582688854561804	-0.0143017598040398
-0.0103761480281865	-0.00378075933162281	-0.00590084984061035
-0.0426167535180011	-0.0238512874177483	0.00813015413166696
0.0168639748495809	0.0128481709866999	0.0514854965397036
0.00998384966416843	-0.00426450447367666	-0.00597817473663742
0.00660044159636364	-0.00535618741291355	-0.0234845277229394
-0.0132455114765202	-0.0206190633932408	-0.0414409616662232
0.0551195454536906	0.00437618692525277	0.00842676555302857
-0.0139774345031487	-0.0198461912130687	-0.0179664179577324
-0.000639531368478163	-0.0523488533042964	-0.0283197154268291
-0.0109433346520573	0.000938139461608145	0.00363746121049946
-0.0229141750498498	-0.0129793766824551	-0.0316797880214517
0.00745806640951052	0.0257927582774395	0.0207273485780517
0.0512934848891229	0.0330138579683323	0.00710058328783880
0.00994964995134096	0.0177583527919709	-0.0138171698321554
0.0159612953733523	0.00526658789504086	0.0329301264164865
-0.00427248969981875	-0.0107823095090378	-0.0372875078602335
0.00913278624748237	-0.0335200654287990	-0.0145152426911199
-0.00632081396024287	0.0201568067760687	0.100252197915617
0.0449740396462204	0.0417185969420189	0
0.0195648347016530	0.0319569705975749	-0.00401602791727918
-0.00941930548358672	0.00602235870791379	0.0139862077606203
-0.0484744974997819	-0.00207259069082877	0.0196470119916645
0.0170720844085750	0.0209410409974660	0.0347960722562997
-0.0310775305797022	-0.0244742492963814	-0.0270440682799542
0.000671562075722942	-0.00480009699859796	-0.0165453795807751
0.0238737476607045	0.00271584300407035	0.0107369906306163
0.0201113221220517	0.00354056704731720	0.0228438429378972
-0.00450591011039769	-0.00856040232001165	-0.00361246660202941
0.0223292219228277	0.0207518896895924	0.0188684981737461
-0.00632896738687983	-0.0111526409095672	-0.00920107723431185
-0.0316056665476019	-0.0199270297757863	0.0231224258193934
-0.0131924549090625	-0.0106497021636436	0.0388660158478626
0.0158103273434502	-0.0129312416675584	-0.0233193012321142
0.0213393705366021	0.0288635636226493	0.00271864635837904
-0.000452292782858965	0.000842487497580535	-0.00163036126384508
-0.00707131852793674	-0.0210667673417890	-0.00636527699982237
0.0254788962762360	0.0117584113515221	0.0374218965679369
-0.000628790917104105	-0.0175818425299665	-0.00705404344768912
-0.0152189460549783	-0.0119682269857857	0.0210165131699527
-0.0226182566122368	-0.0295480767488789	-0.0183655350596408
0.0129870973080832	-0.00451958808738739	-0.0261098050806590
-0.0261450810650561	-0.0146023064252532	-0.0219829087548664
-0.00597840461233323	-0.0374663148575309	0.00572533358241678
-0.0414884929454935	-0.0642999049042152	-0.0261208245293867
0.0408217004220273	0.0496378711737053	-0.00530709244101946
-0.0100499080742895	-0.00631532494047926	0.0167723015748047
-0.0176633693079231	-0.00121893185071054	-0.0188649383791288
0.0383240803858809	0.0288551552372192	-0.0138065316206473
0.0286103173625212	-0.00213550614527325	0.00404660679776736
0.00511506257713457	-0.00691233445398964	0.0230026135946000
-0.0115459047424684	-0.0195633434451286	-0.00112819023785571
-0.00647246571514426	0.0240974966372947	-0.00471476928852077
-0.00913241418232857	0	-0.00378784379206598
-0.0238743390826466	-0.0314416531323376	-0.00647259541935075
0.000869363310093796	0.0122104661646265	0.00457317369080945
-0.00538386039468586	0.0287098459180073	0.00757582055790218
0.0173920749924821	0.0420289807201053	0.00451807492587930
-0.0187420453053044	-0.0187176403754816	-0.0274198132662353
0	-0.0139213676233769	-0.00193234759418859
-0.0170367619020420	-0.0115148911718608	0.0219998615526320
0	-0.0314512371369768	0.00283422438191261
0.00343079653011769	-0.0271957469394497	0.0120031660809081
0.0102216105613842	0	-0.0329762835940484
-0.0309837185448210	-0.0228145552991101	-0.0473461784348022
-0.0650044217937338	-0.00875617898296488	0.0100503437233148
-0.0188335846782826	0.0464964171180324	0.0178399537710976
-0.0379742917098826	-0.0124224907980279	-0.0178399537710976
-0.0493827602464698	-0.0382211206678842	-0.0418641677718843
-0.0415137397371592	0.0105929920202326	-0.0419522847709697
0.0120383492846812	-0.00851724494521333	-0.00392248460872269
0.0211422549909299	0.0391406868446738	0.0654934472446618
0.0207044992207024	0.0265635513192950	0.00956542229858703
-0.00823025549505063	0.0108628913255107	0.0267801677777388
-0.0251060618989944	0.000720143982059440	-0.00197381421606302
0.0126318181733427	-0.00312405104005009	0.0111996051568650
-0.00310928349148076	0.0107722027001911	-0.0213279091083249
0.0166670011148549	0.0327899992949199	0.0215231789684118
0.00247621923700292	0.0180388755667957	0.0195384252927244
-0.00661721845026397	-0.0352368402982761	-0.0171968547849386
0.00826492124433287	-0.00564171326874030	-0.0258627314780857
0.0442724744274772	0.00329510446429770	0.00618091697140422
-0.0158733025621562	-0.0324766127267080	0.00969248827390334
-0.0449970086905460	0.0216093682295346	0.00392923732756856
0.0124739147941533	0.0118064854570688	0.0155645713113954
0	-0.0118064854570688	0.00192862082721579
0.0945583068472620	0.0139169534637582	-0.00560337661376442
0.0347286046609630	0.00374091043424052	0.0113671281653014
-0.00509611693936618	-0.0176578638979987	-0.00191763289120139
0	-0.0264756778991182	-0.0213393107989468
0.0180830451193446	-0.00366517075281658	-0.00965429484013702
-0.0195441924144575	-0.0333529634559016	-0.0352610592305811
-0.00586525576407837	-0.0269352086203463	-0.00741036798622874
0.0396445238511425	-0.0226147523851230	-0.000413327220962767
-0.0462840265941145	-0.0490562714539400	-0.0183568115287613
-0.0194324560960637	0.0248291044270195	-0.00633587007874992
-0.00280395100502640	0.0290030253256961	-0.00212086954031188
0.0371790791294511	0.0432541026057547	0.0145434826978050
0.0202320649166183	-0.00891162980708948	-0.0690826657568602
0.0474273253032096	0.0381380888205252	0.0131419400159682
0.0366445259591259	0.0369741659502796	0.000221396562534615
0.0444811310830793	0.00826943712891604	-0.00554632961830315
-0.0170276894750101	-0.0214037955228927	-0.00334264857926270
0.0111664487110419	0.0284379960487562	0.0479394474883694
-0.0164643478736370	0.0182894589336118	0.0105821168088105
-0.0174147938518967	-0.0253236594594752	-0.00443081984886140
0.0100837909247433	-0.0106444728371180	-0.0129831628837334
0.0231419018634802	0.0129947084103308	-0.00774196581455344
-0.0198026540308418	-0.0599794050058984	-0.0198414154227571
-0.0100506939360154	-0.0130455569529966	-0.0157588147852268
0.0100506939360154	0.0112993251607501	0.00668891843164898
0.0196763247745224	0.0236873851273609	-0.00668891843164898
0.0344318714514138	0.0178834314540852	0.0111235926555180
0.0741086179802135	0.00597015349780650	0.0127500707859323
-0.0289874134064707	0.0141846667188923	0.0282134293177694
0.0277939064459352	0.0503538946439011	0.0529377062177665
0.00285927322052171	0.0266507172006198	0.00702459801194078
-0.00788230571483872	-0.0155518494398299	-0.00944443925526928
-0.00722016051907382	0.0133759898501697	-0.00283058772174316
0.0100938114251496	0.0236773897182321	0.0208383128358767
-0.0269009709488635	0.00699523135590363	-0.00676482252440902
0.00953448892574649	0.0198689623714627	0.0140749419108523
-0.0333991306136450	-0.0334802775553760	0.00979440463929038
0.0157250925362971	0.00852875830997402	0
-0.000743084733380695	-0.0247193286414640	0.0217882140845354
0.0103551234918595	0.0415616798708744	0.0179571680822872
0.0153346699168364	0.0165636560351023	0.0133980268449720
0.00289444410323725	0.00430270181120918	0.0213961319192348
-0.0233929620550803	-0.0104820712769844	-0.0121964282383993
0.00956958100385208	0.0295187277797133	0.0219188669068848
-0.0184852113394749	-0.00502765147111672	-0.0128030268395563
0	-0.0199557530880901	-0.0137051126265764
-0.00673912016767364	0.000822222104908565	0.000919581892002697
-0.00829921243467080	0.00777909156538348	0.000918634832637544
0.0261700413134132	-0.000407978746658433	0.00110126944142008
-0.0375986056674762	-0.0388944050421367	-0.0131106814783810
-0.0261936527819469	-0.0138816070998327	0
-0.0118813515448548	-0.00603979893195561	-0.00372436049389613
0.00397615632826120	0.0111877688094890	0.0113163212883634
0.0157483881416387	-0.00665443035766167	-0.00184636243684366
-0.00469892466686206	0.0332550861297931	0.0291402538551995
-0.0190176490847858	-0.0223306889946482	0.00537082670678224
-0.0169431641792159	-0.0143763646658068	-0.00519103400728005
0.00406010484465780	0.00474331673347894	0.0227115750374431
-0.00650396722509106	0.0128234567670358	0.0210061780794244
0.00893268300088979	-0.00831638760060693	-0.00516731628965284
-0.0345431149314521	-0.0304372957403922	-0.0262438658539561
-0.0262836041454317	-0.0108756427007388	-0.0135634991963740
0.00940553055170401	-0.0137066054297437	0.0239685032605586
0.0135248900930232	-0.0380447827889903	-0.0203811925324899
-0.0109750892767955	0.0100550623572224	0.00268178977786171
0.0101353856787054	0.0313775715004159	-0.00537179001304766
-0.0341914382252670	-0.00112790719027744	-0.0142840093290992
0	0.0332993381285642	0.0178684069913118
0.0319504220560130	-0.0131870343144662	0.0106767443095515
-0.00337840428020675	-0.00110668478456066	0.00705404344768912
-0.0102042391707973	-0.0172013949376995	0.000878877713185400
0.0540670706628195	-0.00293340489339577	0.00612672577009565
-0.0122200252292801	-0.0242465498242908	0
0.00897587977888747	-0.0139895344118397	-0.00349666694416495
-0.0611323652978291	-0.0368287217872454	-0.0462359215217569
-0.0147895939696170	-0.00146260587666003	0.00876556830807918
-0.000876264088952805	-0.0344988274098803	-0.0183491517845518
0.0156658580585698	-0.0124512028161865	-0.0699855018013875
-0.0351532500919149	0.0197475564195511	0.0141987155313892
-0.0438822630699640	-0.0459114477253944	0.000391560386195700
0.0102277642716824	-0.0396195654183655	-0.0235678548913687
0.0398967619764221	-0.0212510116309335	0.0198419356981772
-0.0756819702035143	-0.0559285776817631	-0.0607473495221580
0.0845312741145730	0.0642617902920390	0.0122420627645146
0.0295158719553821	0.0321203337053171	0.0266681927185499
0.00936635305653200	-0.0132130088130236	0.0226880036161083
-0.00424649613223327	-0.0144911274046846	-0.00577911092350814
-0.00426460579156274	-0.0347469997447916	-0.0274909580374492
-0.00171051773578235	-0.00199793637536239	-0.000638519343738597
-0.0691152657429588	-0.0381468016482089	-0.0439582843895301
-0.0361999452587631	-0.0433733590377687	0
0.00947904440633307	0.0266112667864347	0.0295910887189637
0.0505855533754289	0.0880672965807077	0.0566783491847072
0.0265503270446752	-0.0291665137221604	0.0360760986955895
0.0173162713942419	0.0269529191692222	0.00627942114598401
0.0254251914439640	0.0289402442676723	0.00643472686239877
-0.0168785736416610	-0.0121838328536317	-0.0156712491025681
0.0334762951920196	0.0119142832780681	-0.0229665604849103
-0.0506439294106769	-0.0375744007511489	-0.0185550023259387
-0.0157071922288976	-0.0249024051650495	0.0155200145397405
0.0371212529955374	0.0570789130378144	0.0484524662349171
-0.00936519780922707	-0.0527902155005129	-0.0353671844158439
-0.0978799983554044	-0.0848090537494617	-0.0345914309226556
0.00470603914741652	0.0123457250929544	0.0443437810067242
0.0204463677406137	0.0367402330949638	0.0260008708784931
0.0254331464873987	0.0425470591236694	0.0225156531100752
0.0650987793479110	0.0561977143342980	0.0149806835301769
0.0371174610155460	0.0177888429801980	-0.00727508544691924
0.0128725346654668	0.0104715592141229	-0.000186856067700525
-0.0374640361119716	-0.00208548738614311	0.0108029640076452
-0.00308305838493972	0.0252524230749227	0.0313656802994764
-0.000834064987060845	0.00254136027522200	-0.00359627280658303
0.0116092563416537	-0.0218097349814124	-0.0311104299859188
-0.0446767910250507	-0.00546253302871635	0.00371068536666463
0.0339015996704579	-0.00104365568979503	0.0291999750074123
-0.0142682388726425	0.00714933494884296	0.0301173174996952
-0.0179106331399002	-0.0436845111784581	-0.0140603790634888
-0.0368140988921635	-0.0141567707276073	-0.0124671223291526
0.00711777448318252	0.0300173868848210	-0.00358981610705378
0.0509826344796966	0.0393667192245277	0.0160569384362064
0.00252394968886227	-0.00864451585031434	0.00687857400378489
0.00753454726590386	0.0128090592898671	0.0191515446981043
-0.00334113753805099	0.00801945942029514	0.0123391083978177
-0.0151780143794631	-0.0158423033839634	0.0133660841429641
0.0235110595693806	-0.00656587849211654	0.00335580348269771
0.00414062656630909	-0.0196922845024075	-0.0117940143925268
-0.00414062656630909	-0.0170757284714589	-0.0188205891794464
-0.0125264549177704	-0.00768370188142198	-0.00519496489471027
0.00419340972785287	0.0231457773152246	0.00173465532243267
0.000836156954223899	-0.00892265991716190	0.0103452133369144
-0.00335023215916852	0.00487673956855828	0.0254033879433364
0.0149877469611712	0.00242965922570981	0.00749712356056920
0.0215210071204472	0.0109934472420390	0.0350628237181039
0.00404064377549274	0.0268367813680568	-0.0226911852939549
0.00803196717983035	0.00955954554775884	-0.0314741008770740
0.0338212857587488	-0.00515594318266821	-0.0103732916759949
-0.0179483359752060	0.00154947335884703	-0.0137699707119001
-0.0158729497835428	-0.0129872783995668	0.0137699707119001
0.0353672288693363	-0.00419147207801318	-0.0137699707119001
-0.0194942790857935	-0.00764281611714379	0.00880078474857360
-0.0239049169633732	-0.0216616839716211	-0.0261073324854619
-0.0479039000295720	-0.0496015715823068	-0.00548118346441839
-0.00169315513601820	0.0169020679234668	0.0123353042848651
0.0134677370728045	0.0138699336988206	0.0216549298148943
0.00333895706593168	0.0244910259086049	0.00580961655725210
0.0165295754646855	-0.0146225223729628	-0.0257147158932285
-0.00328412918410681	-0.0153937077929074	-0.0229901656476672
-0.0216134856445094	-0.0153526971902074	-0.00898408538354145
0.00419312171111930	-0.0299805285101638	-0.0328443095859625
0.00417491765281142	0.00578032187371313	-0.0127648909542679
0.0147905701601654	0.0157258260209132	0.0198281186287366
0.0204509931690917	-0.00568987547283539	-0.00700976291021105
-0.0293692725702228	-0.0187192043920663	-0.0162910769167994
-0.0227956405294179	-0.0208555378978406	-0.00873376647722957
-0.00943748704247760	-0.00267479407335003	0.0135529890503685
-0.0217872912995012	-0.0152950159809189	0.00383812706840203
-0.0133046657882065	-0.0366252865035595	0.0257199789949767
-0.00447427044997628	0.0207857332173949	0.0173980795112474
0.0186590199722070	0.0287505571948485	-0.00459717202931609
0.0548086640745695	0.0302653957979753	-0.00832951365493306
-0.0253177372193898	-0.0269889905181535	-0.0301913728219749
-0.000855205549225246	0.0344859752934368	-0.00576303000669176
-0.0251202063646718	-0.0318135639381909	-0.0291291611677886
0.0113386588927797	-0.0158425380142226	0.00967335014435111
0.0231474187009249	0.00929692835113283	0.0404284629880571
0	-0.0132211737796388	0.0196172860358863
-0.0344860775937046	-0.0291568908922835	-0.0102276650660866
0.00786356958847367	0.0123805509775092	0.0111521990849695
-0.000870842826102614	-0.0220814733021451	-0.0133974464205888
0.0103989658618233	0.00970092232463582	0.00224524733561937
-0.00605303373141464	-0.0175938825431223	0.00559212989424740
0.0103541033775967	-0.0127592559265395	0.00740753771850056
-0.0129591075632316	0.000320952237773842	-0.0173074962491473
0.0166563601907077	0.0108523767803379	-0.0262471184655260
0.00597516134948029	0.0141848487422491	0.0196549285888752
0.0457460303716815	0.0293003708306214	0.0114673535571184
0.00405692319260620	-0.00213017411238914	-0.00957873059388792
-0.00405692319260620	-0.0113341531031113	-0.00169969846457319
0.0121217250715420	-0.0139600083495326	0.00188826652641660
0	-0.00721107930603404	0.00733143050537199
-0.0293420275132852	-0.00726387779337578	-0.00544574262731601
0.0131475286737768	0	0.0130963439764336
-0.0289877155805574	-0.0111555238502854	0.00943519042299368
-0.0126855410231577	-0.0161551130381841	-0.000369030752117805
-0.0249899961993418	-0.0314338526469022	-0.0316237351582163
0.00608951659237356	0.0268630646889774	-0.00667662943344016
-0.0113388838730839	-0.0235071572132277	-0.000573934997689651
0.0259755422074188	-0.00503787042101989	0.0195326998944569
-0.0155042196696837	-0.0325091650376272	-0.00451805931984328
-0.0148670650399332	0.0155307197875136	0.0523685265352358
-0.0133043657333669	-0.00687283224274582	0.00339512786234231
0.0299058014336948	0.00687283224274582	-0.000891848563781661
-0.00347247373511461	-0.00343028348950725	-0.00178794903324686
-0.000869825841471883	-0.0211853170212639	-0.00538123584146666
0.000869825841471883	-0.0245167445367720	-0.0108491854391288
-0.000869825841471883	-0.00180052649245743	-0.00364334355893714
0.00720052395711246	0.000360269071783215	0.0340840502815301
-0.00694431797761919	-0.0130531299262535	0.0226687270098491
-0.0246927924872709	-0.0296315935458371	-0.0384901583117760
-0.00896847063754969	-0.0640373305624187	-0.0164397619799659
-0.0651393880427396	-0.0770410710352905	-0.0165294757596817
0.0143201290651702	0.0214136609238773	0.0237897386635786
-0.0656130890047844	-0.0825527339148344	-0.0615292065986495
-0.0540677322324465	-0.00600065300661612	-0.0194180387551146
0.0356806732684185	0.0654061750903905	0.0809472453537641
0.0404094793136185	-0.0425217338209643	0.0214670149873091
-0.00995011001814117	0.0377405060185470	-0.00710459080838888
-0.0161290192578321	0.00781254198821779	-0.0418621366996148
-0.0457458395948471	0.0419106321233844	-0.0129081666108712
0.0518247482954677	-0.0108377138337636	-0.0494021397870981
-0.0307718151225052	-0.0476381890749456	-0.0270692729981041
0	-0.0244728289111675	-0.00816335486201414
0.0398218611294015	0.0653825851138947	0.0322609316286937
0.0602118097290783	0.0212908220947141	0.0176995444880625
-0.00567096650542798	0.0224636531629838	-0.0367286725649549
-0.0130920796951948	-0.00202181654349465	-0.00506844868978718
0.00479611532527668	-0.0167315294425627	0.00405687521833231
-0.0291287357588517	-0.0685521228440242	0.0160645836146172
-0.0199009255671929	0.00964965442631005	0.000995460818552285
-0.0264786652444480	-0.00876866152666400	-0.00278991592471778
0.00617363721836828	0.0256484333405078	0.0154457956646756
0	0.0283492948479180	0.0311465653569827
0.0568158206923823	0.0392692290851331	0.0188683453251861
0.0267707237751935	0.0760544360019297	0.0278334827777442
-0.0180869053925772	0.00371030697379249	-0.0177907157604489
0.0180869053925772	-0.0111734719075107	-0.00538102993068934
-0.0132953862118170	-0.0284918896726492	-0.0269651758452594
0.0226850174442714	0.0433624430580113	-0.00421386951657654
0.0249202481392259	0.0330278438922984	0.0237096038562816
0.0117814452113536	-0.00896574857291377	0.00467481366917077
-0.0108702936919407	-0.0240620953193846	-0.0116344434705744
0.00726022448028063	0.0362355956025371	-0.00529934594657044
-0.0145727886000246	0.0197328048381680	0
-0.0546791905465427	-0.0232976094010002	-0.0191568375146010
-0.0365107926663026	-0.0397065286937099	-0.0165776846581465
0.0297048146363066	0.0110862654247650	0.0204386638315524
0.0221915132696684	-0.0129463965851588	-0.0194558191328849
0.0676804493580407	0.133624827444287	-0.00393708536461501
0.0212019915524659	0.0279443040753629	-0.0249638183782239
0.0267373392386436	0.0385261114523869	0.0110609154677124
-0.0128476557841526	-0.00949337606798117	0.0324671993075700
-0.00431997174853027	0.00918856681933589	0.0461590565426557
0.0129036243641170	0.00152352224376218	-0.0488733486876156
0.0236495039601659	0.0192949254527561	0.00213328520854494
-0.00670012320596980	-0.0117135424903192	-0.0437563058046737
0.0248972961978549	0.0164797576126134	-0.0758687858738418
0.0282847595864837	-0.00148687989414587	0.0213853972667661
-0.0160644376849972	-0.0450470981584847	0.0192619335697946
-0.00162072912177313	0.00403885752218613	0.0227988494512861
0.00566142923547464	0.00154907352991129	0.0413464678955027
0.00883142901448775	0.0364783620061302	-0.0190557363182777
0.0229169370202524	0.0540356969249505	-0.0141273767152108
-0.00784309635333846	-0.0188413060095143	0.00385435336751350
-0.0566954247842326	-0.0499294021634751	-0.0202481447832890
-0.0425598831321388	-0.0140329584595840	0.000206556397539082
-0.0157758030752841	0.0167558970894124	0.0141526618331493
0.0166453396971642	0.00722446474087413	0.0395340673371987
0.00977556091227516	-0.0117665549674149	-0.00825646656167400
0.0246719654519891	0.0225065202034065	0.0270678769108934
0.0451819950032766	0.0289538287663378	-0.0233243967673724
0.00948660907247412	-0.0113064325780847	-0.0238817573603023
-0.0173920299505732	0.00552443972168382	-0.0121582176235315
-0.0100758206960698	-0.00203187241055458	-0.00818831499931294
-0.00847431763200746	0.00666021476630974	-0.00722024642299513
-0.0249907153118643	-0.0145352288358365	-0.0198647524054474
-0.0131749374314913	-0.0282130070026585	0.00316292207074165
0	0.00750215757336514	-0.00845675538329438
0.0500100937369381	0.0580714434469258	0.0230860619892712
-0.0333505429081016	0.00982466449439556	0.0164612581019945
-0.00873405720562248	-0.0413458671793476	-0.0229135912529324
0.0302401591201416	0.0371470571641792	0.00790353986599124
0.00424613554655906	0.00140143915166790	0.0190833456858588
0.0292298998107148	0.0354968745223405	0.0300322670680111
0.0283990832349712	-0.0133350897299076	0.00883666759985236
-0.00160109524315066	0.0163045942909212	0.00195311063063075
0.0177244480187140	0.0255467859850427	0.00680595202685241
-0.00791113491588780	0.00628626862089998	-0.00622085326599109
0.00475393533078394	0.00390851301390516	0.0216049613141669
0.00394494445049753	-0.0183732696596617	-0.00804674654869775
-0.0182763701284197	-0.0197973015433224	-0.0131682375700826
-0.0342612471785095	-0.0374388146518858	-0.00645348877050456
0.0270180917978795	-0.00280915773348367	-0.0152221736512881
-0.00648327699283291	-0.0387143401570889	-0.0375488880002397
0.000812712025759055	-0.0150246582211908	-0.00601597828619971
-0.00488620928999728	0.0120962242276681	0.000831918839715673
0.0121710470916705	0.0206073502000055	0.0144481337517601
0.00402367801426662	0	0.00266048933176988
-0.00321751775027757	-0.0176789162064828	-0.0129591631419390
0.00722570811764323	-0.0191889420974167	-0.00623061036518857
0.00399218889296238	0.0279227537443418	-0.00626956527592837
-0.0201216071020269	-0.00290293197027536	-0.0154223010379999
0.00405697118047410	-0.0175956385453211	0.0349370787964878
-0.0287493084378112	-0.0547249168776083	-0.0193051904532346
-0.00752858254995514	-0.00658406038954507	-0.00230831725980174
0.0116861050022457	0.00595891093107293	0.0104494456540745
-0.0269147931923723	-0.0167117523818381	0.00207693621286209
0.0280191876507327	-0.0273991032038485	-0.00624357728136582
0.0148272865217618	0.0289875492721681	-0.000417555327256292
0.00570709573543349	0	0.0169810629262717
0.00405701553151561	-0.00796800776895124	-0.00824740658892065
-0.00405701553151561	-0.0145049055689896	-0.0154394573419832
0	0.0444518750432086	0.0419986348214936
0.0240975515790605	0.0221139312759777	0.00803221535017240
0.0196474103368107	-0.00670521007512503	0.00697561259933543
-0.0141074393711360	-0.00459777849027088	-0.0109836034789481
-0.00553997096567471	0.00153480708990239	0
0.0196474103368107	0.0212451624362542	0.00700352902272661
0.0192682084490001	0.0222725793940142	0.0177869976749210
0.00456969476664826	0.0160236353788390	0.0165132715899765
0.0547070943854826	0.0452054982597465	0.0221040191630721
0.00716829723584267	-0.00581793762401217	0.0138503886674903
0.00356525433155097	0.0195356598129206	0.0291257039082411
-0.0179536045120217	-0.0262263912875089	0.0127364327913737
0.0136739990294545	0.0180182866141525	0.0315818893176707
-0.0141990133784442	0	0.00859799576217446
-0.0279636240896402	-0.0696797137845708	-0.0242642686355046
0.0111315732042905	-0.0569680843511464	-0.0141349626195919
-0.0111315732042905	-0.0227067577208446	0.00532393698364020
0.000745695600334884	0.0313999515823666	-0.00372303791754591
-0.0233882267124423	-0.0127551822336471	0.0144616224411647
0.0263672346523891	0.0371837070373569	0.00941093135989801
0.0256892504724564	0.000904501849949391	0.00777549872317263
0.000724089008750095	-0.0330912725800423	0.0118060541573555
0.0136646813721466	0.0351990001058842	0.0205394248838853
0.0219010353153934	0.00150251954654257	0.00482105442822700
0.0166324412982166	-0.0197127073697136	0
0.0102567957504331	-0.00153245506654054	-0.00832594913775875
-0.0136988742049500	-0.0371857336092041	-0.0168636787540342
-0.0209067311659128	-0.0293996120560571	-0.00682662591290795
-0.0213531728177427	-0.0252340948126713	0.00868021259336738
0.0318608967478888	0.0281803528795090	0.0131405467274797
-0.0204158244601049	-0.0211440394202507	0.0112505657602102
0.00284091741973391	-0.0246759083758930	-0.00604266457618152
0.0348468085895086	0.0329887820045980	0.0215837939350414
-0.0268929447751232	-0.00664449581628634	-0.0121049926952606
-0.00423448616252120	-0.00668894061885439	-0.00861344850253687
0.0251409626069576	0.0133334364351407	0.00345480570228229
-0.0103986041225217	-0.00998359545614802	-0.0138896678425566
0.00694440338273283	-0.0189066668117093	0.0104348621402743
0.0171534514000458	0.0318657447406499	-0.0339611473628958
0.0121705181849809	0.0183190876536079	0.00232410885070422
0.0212770780740628	-0.00617785655072201	-0.00537108607748138
-0.00660061825935765	0.0409002462908541	-0.00865528637486523
-0.0234514238099943	-0.0202408218218442	0.00883424860127313
-0.0102219931175216	0.00795533074795651	0.00715467339948450
0.00136934696813729	0.00474316425809862	0.0139815174763314
-0.00824215870056433	-0.00601170450788491	-0.00847197449382531
-0.00276218562635355	-0.0124541909153559	-0.00890174293088242
0.00276218562635355	-0.0303398939664450	-0.00394143567751604
-0.00692037435097515	0.0102160640636502	0.00537108607748138
0.0172125017386842	0.0455057277843243	0.00534328136752515
-0.0382656996265074	-0.00282332425972642	-0.0170182200161477
0.00706709579436193	-0.0135686254778835	-0.0213646496011979
-0.00494160555744427	-0.0101824619636037	0.0150217170786831
-0.0128206702904530	-0.0129591613598050	-0.00145566204764958
-0.0469643380065823	-0.0357481896634528	-0.0320074031441879
-0.0225931598668390	0.0117161353637480	0.0184413481131545
-0.0186340144674815	-0.0103306469099160	-0.0201352500484897
0.0224726761448171	-0.00485785613843470	-0.00188485449128617
0.000766088813780819	0.0240562376129585	0.0297422288707878
-0.0438255369139120	-0.0394789938136118	-0.0182981843021697
-0.00883945246671614	-0.00922647856222314	-0.0116321583316799
-0.0162732707479547	0.00355886847471654	-0.0250325123382296
0.0322865875212561	0.0297483359063149	0.0138353219144558
0.0389458175970066	0.0153982679948035	-0.00766318161663548
0.0196679420983688	0.0284536675507319	0.0377408988767356
-0.00751860804738103	-0.00132097282282562	0.00184998152731364
-0.0221296812357710	-0.00663116612316728	0.0164994270178807
-0.0100815781734225	0.00431536367171193	0.00724579033670647
-0.0180898237622418	-0.0265161975271968	-0.00361633249800919
0.00632932384178142	0.0168636249858429	0.0197316946999653
0.00941919061707708	0.000334492521066210	-0.00355931106100194
0.0139644944863595	0.0221535494176095	-0.00357112885167066
0.00307732191226195	0.0168616350123094	-0.00179035819995699
0.0250293603613363	0.0241433207402237	-0.00863970923765045
-0.0112992174291726	0.000313918001754399	-0.0145665724229098
-0.0152676201499924	-0.0244572387419781	-0.000366690029267147
-0.00983148255663924	-0.00936880639036275	0.0181816814458839
-0.0244017528774685	0.0237343374830248	-0.00180327384538304
-0.0365151085382007	-0.0305735847202384	-0.0218986519401518
0.00904982371196272	0.0258081048292778	-0.0150574694776133
0.0314417716932796	0.0436203912880506	0.00765066042036366
-0.0257249096880177	-0.0516143664136584	-0.0149821509577639
-0.0297546987951258	-0.0207596761100133	-0.0161673061735028
-0.00167913853460000	-0.0151916910982122	-0.0193619763876813
-0.0289874388797720	-0.0184722830435762	-0.0362295738558980
0.0163025402235899	0.0138023897457891	0.00686863145794536
0.00847467539880764	-0.00167314920963468	-0.00849174329561819
-0.0343383362855585	-0.0351032221366401	-0.0153454847352390
-0.0400943375806011	-0.0508735613253295	-0.0572797936504914
-0.0323351978857724	-0.0659992180653761	-0.0818638052797658
0.00934591436471255	0.0568333493343767	0.0374419327553261
0.0202584860926862	-0.00553992882122589	0.0422361570909060
-0.00640173904319719	-0.0186924133441684	0.0625534613863823
0.0190828530499756	0.0496883631322973	0.0191373842276255
-0.000900429103493750	0.0160290311957128	-0.00993012702074303
0.00701981571298216	-0.0396450498911061	-0.0226580428103356
-0.0262321669604910	-0.0178046816099435	-0.0149021390021105
-0.0130481362134658	-0.0116697112974502	-0.0102019787132983
0.0130481362134658	-0.000378829744086318	0.00298630812707978
-0.0186927375879167	-0.00379473549095355	-0.0111374150899355
0.00939004546288702	0.0303336079883683	-0.0130068750242986
-0.0284381120140487	-0.0115008634453857	-0.0227308016033816
0.0143201433776250	0.0308623287019150	0.00445441495719745
0.0642421892087879	0.00756890359292939	0.00796815197866296
-0.0233824136700247	-0.0347066806291605	-0.0213911422231732
0	-0.0149816825031368	0.0134229902445102
0.0453616851415388	0.0142376885593665	0.0158733140935383
0.00865766182953642	0.00778255468455624	-0.0225622873014846
-0.0138888798336203	-0.0220202432439227	-0.0144211655869033
-0.0483533543996679	-0.0829714615011987	-0.0719803521517961
-0.0517760952343660	-0.0325028988834690	-0.0246926003718571
-0.00484239945643195	0.0101141702736909	0.0485521564267106
-0.0999812632608794	-0.0276319632184179	-0.0324326654819398
-0.0688400802668152	-0.0760995536788705	-0.0424634940582855
0.0125643742684587	0.0161480497641033	-0.0118771251291783
-0.0358210768996221	0.0248598852929809	0.0154641910878617
0.0174932644176771	0.0606248596930490	0.0452520687394822
0.0137770302986620	0.0207905436792997	0.0239113022054300
0.0471673811395710	0	0.0328666973556020
0.00217655652615267	-0.0787401881189012	-0.0489864425504272
0.0183098244634405	0.0787401881189012	0.00169632935934683
0.0346126561934614	0.0199641797984289	0.00241841602300674
0.0773425121774967	0.0468864429717866	0.0631788818656767
-0.0579445893282720	-0.0505235893432126	0.0202027754752168
-0.0679823012315435	-0.0442860313801590	-0.0424436793686813
-0.0487902916593175	-0.0222516877655772	-0.0582364793038392
0.0146652120596094	0.0146049994479425	-0.00715258195285040
-0.0576197073757196	-0.0325057794694885	0.0110769508898572
0.0429544953161103	0.0342100426064151	-0.00245089449647340
0.0124227734043627	-0.0102699772703367	-0.0210794481615424
0.00112140768221947	-0.0252623512919206	-0.0126105636768079
0.0199792660842228	0.0170570681441262	0.0151136047518348
0.0324351472200601	0.0560735906296288	0.0273719491111568
-0.0160860745272355	0.000410042927637910	0.00461106884344575
0.0381805230351544	0.0554037811606931	0.0333365455421575
0.0447685050342939	0.0195820237073381	0.0265757200577235
-0.0170603204756152	-0.00571998292979004	-0.00228313917791301
-0.00813036292385583	0.0208142516445586	-0.00343451247888904
0.0400057117265149	-0.0112995332238151	0.00913261621924377
0.0242139155163139	-0.000378482954645598	0.00249689354310956
-0.0180847780277604	-0.0307837643959865	0.0132869764505217
-0.0266948031190819	-0.00942269631636750	0.0133335011816826
-0.0450893247599682	-0.0345138136329028	-0.00664452797373638
-0.00736505837679946	0.00610599084940144	0.00951015054864302
0.00526628526476403	0.0184970476900102	0.00811137545070872
0	-0.000797369239658785	0.0237337119028842
0.0411583249828147	0.0166075992127461	0.0112371509569171
-0.00201829513925222	-0.00392893050287357	-0.000632656974279833
-0.00506363174126889	-0.00790550297888171	0.0148678116108338
-0.0414569875414679	-0.0228783670724155	-0.0190961029374890
-0.0181527054632960	-0.0134892010226819	-0.0472871329306548
-0.0362077850268800	-0.0288059918058354	-0.0116176582590541
0.00111589167285686	-0.00679969446495532	-0.0436349956197986
0.0264332646803953	0.0356056862707908	0.0254939866046322
-0.0478663189495800	-0.0506436221630895	-0.0327974346781708
-0.0265757200379970	0.0124758061947703	-0.0248995624240322
-0.0273013160396198	0.000854957088550989	-0.0345288381317230
-0.00724688217734260	-0.00428100346533533	-0.00377114645450938
-0.0496990145363569	-0.0715703697903152	-0.0981100025266553
0.0189272667371925	-0.0157921744250751	0.0249703508334032
0.0664902974340951	0.0308854560988383	0.0723836370396143
0.0177561315265744	-0.0164765447715607	-0.00176609142404516
0.0383795369391748	0.0371419480332489	0.0271532887402550
-0.0122561194188608	0.0250288636479721	-0.000983441701211341
-0.0482300681879941	-0.0534409068185151	-0.0401560373428009
-0.0359315485333984	-0.00688578025576758	0.0114578339449642
-0.0246926125903713	-0.0261330628975034	-0.00762390796339130
0.0124220365556313	0.0205904552251659	-0.0208797553934819
0	0.000463208907406365	-0.0355286663927283
-0.0571579815850862	-0.0576493706289760	-0.0526436603980618
0.00910876738630373	0.000490463415265818	0.000284287678528505
0.0103093696588612	-0.0118341782363225	0.00113705479774961
0.0800424759642344	0.0689930854500327	0.0844038113530252
-0.0119053742499737	0.0133364271599099	0.0181117536322408
0.0119053742499737	0.0109039844800907	0.00638976291791060
0.0233928849321465	0.0337663291157986	0.0164249911462475
0.0540065571246235	0.0716393866039122	0.0560438531131156
0.00872347574828858	-0.00162796361739881	0.0208707041933853
0.0236065123961779	0.0101322133898947	0.00739882307614082
-0.0367212916995947	-0.0666913924915606	-0.0330201989933778
-0.0166395474098846	-0.00172614328645748	-0.0143887063366277
0.0670524347777493	0.0643769614640228	0.0494800672775440
0.00937047692590021	0.0196435114637303	0.0182237748311573
-0.0104171730234839	-0.0143941500916558	-0.00248617126655137
-0.0316429133965408	-0.0105264240169012	-0.0317267277256503
-0.00869599897305262	-0.00285339702784260	-0.0143515650560202
-0.00877142186221125	-0.0247946099938310	-0.0121589621228675
0	-0.000418081488654298	0.0309388932158807
-0.00884991005400826	0.0157809497097792	0.0138568887665795
0.0165295298903621	-0.00495652107998801	0.00776793830517830
-0.0221006526174175	-0.0188095591799273	-0.0188381386106746
0.00889913223956196	0.00547024915602279	0.00450092730849772
-0.00332800951250656	0.0211756973908472	0.0265873575396731
0.0176213319162195	0.0106253683461381	0.0148488601293826
0.00218088643017600	0.0201217049890450	-0.00796820071846582
0.00867713660586977	0.0313748817089574	0.0223764767576848
0.0192523645449665	0.00385372689246655	0.0253791843017868
-0.0301103875810123	0.00192130851244787	-0.0129401691534432
0.0108580230360458	-0.00384631555845960	-0.0254876030742515
0.00967209500547384	-0.00968051196163344	-0.0201288126972048
0	0.00349586996842044	-0.00416773464788633
-0.00536201959461868	-0.00155215556530797	-0.00232280933381190
0.0307065948458889	0.0399669238156286	0.0331648786527130
0.0124354076863851	0.0261478999737412	0.00784309833525354
0.00544466246397990	-0.00400681991480045	0.00645242481327291
-0.0144630336847280	-0.00182655964197487	-0.00199799484884045
-0.0167889757517359	-0.0334603034827619	-0.0111732810489107
0.00738008906527599	0.00301993866252959	-0.000224792353959558
-0.0506304564435571	-0.0178745444193473	-0.0156306406945039
-0.00110533412634251	-0.00693068800387353	-0.00917431552411996
0.0569737845849043	0.0236739459890343	0.0182653382837303
-0.00628955032891110	-0.00491773855274946	0.0223722590547761
0	-0.00379906023819254	-0.00221487993736380
0.0166847480156909	0.0384590219877801	-0.00110917370231300
0.0153925521576630	0.00875258250365407	0.00133092597360562
0.0291044070969781	-0.0113202728946402	0.000221594654824742
0.0567186788321226	0.00986681878146101	0.0450683699585173
0.0249206772173376	0.0230059664126236	0.0312851843312836
-0.0249206772173376	-0.00463046799625877	0.00123113583800194
-0.00938982298857782	-0.00932576040054078	-0.0169600555521554
0.0140515135470256	-0.0145194383487182	-0.0272772303597626
0.0275249199671501	-0.00182942805758080	-0.00537345867925376
0.0104350802991151	0.0463942656760659	0.0149734949930287
0.00865879241084278	0.00732611936590022	-0.00425529743676378
0.0310532372192749	0.0287788339262627	0.0438024885106070
-0.00270151170836863	-0.00676022100098939	-0.0183301274012835
0	-0.0111293185382562	0.00186895808600651
-0.00361363144776217	0.0171800166428677	0.0396594075173082
0.0311829927169147	0.0437419639436070	0.0459850255334686
-0.00407932636595598	0.00542004260990714	-0.00305196981464784
0	-0.00270655768043726	0.00476426950456643
-0.0198746379904575	-0.0153613497059930	-0.00572004039433072
0.0108893464538373	0.00480432848190659	0.00761978221423076
-0.0118018870959871	-0.0134414417564459	-0.0406640389042940
-0.0230959943880462	0.00657127093826526	-0.00594680103908418
0.000934539339811025	-0.0318709553571255	-0.00898654947310273
-0.0616170828522784	-0.0274189533234246	-0.0535653972558161
-0.00298412617714705	-0.00219715774039120	0.00359136672543947
-0.0100099209872284	-0.0290089157595301	-0.0499401115567886
-0.0111283419116179	-0.0132958062461683	0.00309873071207711
-0.00919720525384227	-0.000382274699153307	-0.0133483834103170
0.0183113343161030	0.0290312731658551	0.0512933546647516
-0.0244908973497600	-0.0153531922205334	0.00805255390661852
0.0214623227781376	0.0186921072079929	0.00273998290377664
0.0210113533830607	-0.00333891498745942	0.0119261648724756
-0.000699949282256362	-0.0421234908944261	-0.0248486659016618
-0.0129805883229768	-0.00349448512351991	-0.00106668580905600
-0.00503791717970126	-0.0113438566522666	-0.0303381998961436
-0.0183491386681967	-0.0146622826264391	-0.00995029209346221
-0.00722757614321967	0.00597035417149616	0.0434851420174529
0.00928282371542100	0.00987173312557310	-0.0128481617750560
0.00614126956255179	-0.00551608206878385	0.00965151174720891
0.00101976324837816	-0.0489880401753116	-0.0139711441295036
0.0141707754647666	0.00207243491824682	-0.00716853215062185
-0.0111169632560837	0.0143890214123443	0.00716853215062185
0.0398461478713963	0.0400052755088582	-0.00607917589055074
-0.0439197233284574	-0.0294491798005816	-0.0102878798760893
-0.0154240932779728	-0.00445262154213744	-0.0211235731423729
0.0154240932779728	-0.00487989585824478	0.0133929688285592
-0.00819651713475311	-0.0156125997202388	-0.0338250386678127
0.00819651713475311	-0.0230375352498786	-0.0229682069968407
-0.00716836534342225	-0.0214140651525074	-0.0227875878145896
0.0203463375999711	0.00431944295605069	0.00598444808052667
0.0258468596202435	0.0213232641940193	0.0186788147775760
0.0194367196926804	0.00840298488631985	-0.0256240786026942
0.0438952745029400	0.0313042802196941	0.0326270334464751
-0.0176832030542937	0.0244354659330543	0.0254921896109037
-0.0189578741675502	-0.0342157022427974	-0.0206192062931341
-0.0164021119985587	-0.00287057506365329	0.0408219446799412
0.0353599861661089	0.0410355294622224	0.0284794436077958
0.0241197238339308	0.0302816269162052	-0.00976683096672026
0.0127507371182269	-0.00883425201867016	0.00543784853474350
-0.0155045602320847	0.0141740875092844	-0.00434780402875568
0.0272008394697187	0.0376978089485500	0.0363675604056382
-0.00268722717011638	-0.0110497309850031	0.00419295310390888
0.0186587496301605	0.0110497309850031	0.0186534183389564
0.0200444615095154	0.0120156354965757	-0.0103200920015749
-0.0182850622341726	-0.0264042814690382	-0.0267018325818684
0.0122273273638465	0.0180452220992433	0.0194139009935683
0.0299294857104218	0.00182306209944860	-0.0115608235902123
-0.00506744278183291	0.0130295525311244	0.00211197096197058
-0.0127830484928393	0.0174658670924761	0.0156049736917407
-0.000857873370799567	-0.0268592358975286	-0.00215277362779842
-0.0112211210649500	0.0512933167261815	0.0255331616306651
0.0125699563406738	0.0355671141860969	0.0143911913129031
-0.0129587506561721	-0.00166560495381507	0.0125530419002251
0.0341915683170200	0.00166560495381507	0.00285867520195282
0.0411580128744835	0.00232670564101101	-0.0254011871857052
-0.0286321364972229	-0.0344512262265044	-0.0429502812178879
-0.0192716762681067	0.00753140595035307	0.00652882284379164
-0.0361798230611434	-0.0213726076879679	0.00216687027555551
0.000876781983661701	0.0138412017376148	0.00324147604684244
-0.000876781983661701	0.0254466274020868	-0.00215985021057996
0.0471183723284958	0.0182576607391738	0.00968274907493383
-0.0297265187400946	-0.00494657986727232	-0.00644466967269652
0.0297265187400946	0.0173691948394694	0.0234299901964334
0.00999205915437385	0.00776679574677086	0.0146291675805807
0.0107125865501776	-0.00906728023041259	0.00949828043056034
-0.00328397438992623	-0.0344177435326265	-0.0146988017816687
-0.0216134206911316	-0.00337251366609603	-0.0115362503180552
0.0306185272265256	0.0462125373184583	0.00965781711255831
-0.00654111525070666	0.0348690148994999	0.0214971916233844
-0.0240774119758189	-0.0284380533036153	0.0200430098766526
0.0125258763772607	0.0423594483671050	0.0161056986828902
0.0258815396197232	-0.00925923571355281	0.0175958540248051
-0.0371175957003600	-0.0235304610614833	-0.00388372455267172
0.0100331450861342	0.0281706056134405	0.0135266474638911
-0.0159331038553248	0.00154232180897207	-0.0189885875241771
0.00253246457109491	0.0522324778220149	0.0264463852311070
0.0117357284868840	0.00815640904813053	0.0190586598811362
-0.00836823428878830	0.0152585450658020	0.0157630019252744
0.0191430463984714	0.0169974143615144	-0.00812787227355960
-0.0352387391591082	-0.0284919198206519	0.0108841207294721
-0.00685557934904768	0.0109228721394770	-0.00459710581411166
-0.0138525106699201	-0.0522264018326126	-0.0327899389807769
-0.0193670328589652	0.0104868245020526	0.0113635196080488
0.0375095500863818	0.0293706464452832	0.00657008805681159
-0.0111922755777556	0.0186386472621223	0.00652632513090046
-0.0174676706998089	0.0127031147704075	-0.0149815370406996
-0.00707379651560158	-0.0296065289166614	-0.0180872683978257
0.0391530458940590	0.0393761689808949	0.0235440118305670
0.00680310944786600	-0.0125788341418169	0.00598709142880960
0.00253889423423859	0	-0.0167404488894785
-0.00169229303917984	0.000281447862430007	0.00132678590172208
-0.00169454074047737	-0.0346196111462120	-0.00646145730716574
0.00639392365101799	-0.00116524639319993	-0.000953798543165796
0.0183950013793455	0.0422319207039208	0.0300774151510117
-0.0209299744416023	0.0141490468110295	-0.00185367581873708
0.00590517686571390	0.00137673182679432	0.00739330495265778
-0.00675118515902895	-0.0110652394337576	-0.00832143299918409
-0.00509362462938867	-0.00978363961949968	-0.0215873152712902
-0.00940602603700347	-0.0110154349721325	0.0160003840515399
0.00514163788820587	0.0205206803935827	0.0148288044944538
-0.0172417629588546	-0.0137274167088015	-0.00424035924586041
0	0.0156735250562279	0.00239950188766125
-0.00261222507470027	-0.0125753165179519	0.000920417082679759
-0.0175905600997268	-0.00422727716975002	-0.0146552990398976
-0.0125005259333255	-0.0362314707315838	-0.0460843829981776
-0.00540501085456580	-0.0222070189435608	-0.0295915345331474
0.00540501085456580	0.00418279246519360	0.0191656894018193
-0.0190477527801667	-0.0250576890008989	-0.00893796401815417
0.00456829237288625	0.0178765451529905	0.000598607383762495
-0.0165445882971311	-0.00602418048858455	0.0116954041863782
-0.00837642730430321	0	0.00314892349673857
0.0459016848100760	0.0268273516038935	0.00957993882269204
0.00772819160663740	-0.00294572380922498	0.00620776343290563
-0.0135930000611610	-0.0269071954595894	0.00154616633228333
0.00908271576157249	0	0.0229065543777236
-0.00999573828403655	0.0212868487244835	0.0244201331550737
0.0172025900579129	-0.00326851639452341	0.00916649909044232
-0.00630355604895838	-0.0274567944609254	0.00545897907105397
-0.00634354306144136	-0.0260318180297903	-0.0140729383569602
0.0224731902024153	0.0490145587913613	0.0131658909142036
-0.00445467301823976	0.0104088542476171	0.0206743888520209
-0.00178705427079562	-0.0282045154468986	-0.00481595918119293
0.00624172728903538	0.0148014301769943	0.00481595918119293
0.0141219135767590	0.0163571478512710	0.0185111242339473
-0.0230505471893414	-0.0118693403629515	0.000698156351005341
0.0124780117288994	0.0203876055581054	0.00539629953834631
0.0279497946942406	-0.0233773611185231	-0.00487258969790982
0.0162325498239126	-0.0181272115676867	-0.0161803830552376
0.000847281526737298	-0.00122034483686662	-0.00711788077022968
0.0117841642997183	-0.0113584041189574	0.00888946275520697
0	0.0277076091407960	0.00529516034999622
-0.0228527534665974	-0.0258567653207771	-0.00866351826102463
0.0303563355807128	0.0107279051358051	0.00336835791102841
-0.0269380208537173	-0.0372714185479723	-0.0489674321935851
-0.0413823278852790	-0.00794284233176956	-0.00279216019466233
0.00177930472502164	0.00318455502534043	0.0193824923896901
-0.0107236293382931	-0.0144118398917699	-0.00366322019590015
0.0430838117304866	0.0410802826589016	0.0316054666028398
0.0271661131014711	0.00339984277445149	0.0263171773758057
-0.0168923725143926	0.00123351517701309	0.00466453677312417
-0.00341286586798262	0	0.00395670502880874
0	-0.00742363607624652	-0.000858787198571687
0.0118950242062121	0.0120352474302621	0.0220906288970264
0.00924765907978298	0.0182377854296587	-0.0202027559490277
0.00417553929037906	0.0427478555982384	0.0110854808444070
-0.00501298419399898	0.0171676373463363	-0.0228158493210531
0.0182577933212906	0.0154822739273639	0.000346837448637949
0.0267764830863952	0.0160714212542876	0.00691486250451545
0.00638507059572957	-0.0118900989929389	-0.00258747331890330
-0.0136169842983791	-0.0123149412327521	-0.0135631960181635
0.0278347853572680	0.0467632051846216	0.0102764169369594
0.0308906284622461	0.0236369820907987	0.0263348996739468
-0.0238565412279628	0.00654023599302445	0
-0.0172824642099609	0.00623845993785999	0.0258247160983434
0.0219448886138611	0.0195029495928947	-0.0115806174099307
0.00197899745700525	0.0126264123192517	-0.00166458861127516
-0.000774770659654145	0.0124689718735973	0.0255052027445015
0	-0.0235719699256340	0.0341771237723108
0	0.0186029612792828	0.0175870642324623
0	0.00124449231774459	-0.00185295721484380
-0.0355067219752279	-0.0173130565924429	-0.0259920760034178
0.0238108589521380	0.00731317173874180	0.0166754355715377
0.0147919052263692	0.0230979996509522	0.00466880321157115
-0.0108780652788574	0.000490953548888840	-0.00155409203210777
-0.0237167374596816	0.0192007248461681	-0.0220132571978930
-0.00722605249491837	-0.0226424722259915	0.00554928405380117
0.00562502510499474	0.0168483279418465	-0.00396062953350640
-0.00562502510499474	0.0541945184624622	0.00158613469970526
-0.0146106646506703	-0.00459747637790420	-0.00476597157987602
-0.00656232731016004	-0.0337427927583907	-0.0178330471410550
-0.00329768002851383	0.00688763060957909	-0.0153545656570380
-0.0200177653822107	-0.0442797220472593	0.00917594287267987
-0.00591434559803039	-0.0104454034207602	-0.0174409304804239
-0.0102217665501838	-0.0100501369268771	0.00165847135768082
0.00597554037853199	0.0229666866151366	0.0107127593624394
-0.0215064973716745	0.00197222651573625	-0.00575378486434319
0.0525101265404024	0.0257734401048175	0.0300471158538675
0.00375408411112588	0.00574421819515170	0.0339755040417709
0.00819671904147290	0.00737142835081084	0.0174777867409088
-0.0131471949212738	-0.00498746423611207	0.00606025788528042
0.00905723365240796	-0.00716841990286188	-0.00302589615223292
0.00978794913481629	0.0236977554840805	0.00905035806951515
-0.0114286289440804	0.00769846637625982	0.00449394089471245
-0.0107305388511523	0.00162542523841314	-0.00584671028343475
0.00908716278735566	0.0106165018327489	0.0264112963305796
0.00328405587306069	0.00458062810705062	-0.0183248138582131
-0.0165292040220262	-0.0198483523738431	-0.0173004596878501
0.0165292040220262	-0.00936756435375719	-0.00517270054107799
-0.0107128533449612	-0.0120727277999317	-0.0147510359823677
0.0342056632490468	0.0330278927820786	0.00139200744215451
-0.00160255432003309	0.00459775998583378	0.000618616429715058
-0.0243522858396421	-0.0255529249679807	-0.0160405467359261
-0.0325705337682187	-0.0308231569337218	-0.0158232841541301
0.0342125605979180	0.00339142367850265	0.0134655826147236
-0.0148762192661658	-0.00484854751459451	0.00549268147617532
0.00746577211546784	0.0251964945102516	0.0147576657108308
-0.0200339391482465	-0.0230117534182805	-0.00851777198717230
0.0109015099364496	-0.00218474109197109	-0.0123619378904749
0.00995852928202057	-0.00878701045885721	-0.00806266478712336
0.00740435050636457	0.0292328508205801	0.0297131319682982
-0.0194306439143541	-0.00836841467154592	-0.00401473335853630
0.00334160321973531	-0.0230733062976114	-0.0233201389974140
-0.00250500533944820	0.0109958806074344	0.0319462574127072
0.0190481384987362	-0.00731703588931199	0.00153265615504239
-0.00906495615552050	-0.0285557174792337	-0.0104681000786644
-0.00664436887277375	-0.0280987465638609	0.0127626888512542
0.0327895533873313	0.0381240029729346	0.0189181260376556
-0.0146224290976451	-0.00224692057277798	0.00836081554594603
0.0178429602565289	0.00473745589941910	0.0211837463690365
-0.0260600136012776	-0.0303053730479230	-0.0198460512250995
-0.00165118924000396	0.00511515702476206	0.0154694231724446
0.00165118924000396	-0.00511515702476206	0.00510420739811757
0.0459574030263612	0.0402065526278088	0.00159840180147119
0.0386445100638158	-0.0136393124758545	-0.00305409024956438
0.0195204367387878	0.0160992139213652	0
-0.00746279297092212	-0.00245990144551067	0.0125932566468712
0.0185535853401353	0.00980410657481468	-0.00784807010106015
0.0289872962248565	0.00389482646487505	0.00980067109274163
0.0191019846901761	0.0230556723592756	0.00344492529670326
0.000700632578985783	0.0299366224059403	0.0180773184498677
-0.00523424159037678	-0.00925914205696321	0.00804381120381192
0.0257403705645900	-0.00934596455301273	-0.00951378304595529
-0.0173191117964326	-0.0213529186831236	0.00410942845303808
0.0200629758794366	0.00287347838106866	0.00467552712933017
0.00521286424606737	-0.00479392522392308	0.00218423297778836
0	0.0209233071538071	0.0371207041759907
-0.000709247026338122	-0.0142184045227896	-0.00280663544974313
0.000709247026338122	0.00713461826322748	0.0262171442666692
-0.0121212179131804	-0.00475065414852871	-0.0107370322033944
-0.0151791812417228	-0.00333884931815920	-0.00805923905893291
-0.00364873733859072	0.0135248986064229	0.00944260993845614
0.0259757699205707	0.0191415234563270	0.0237614593509878
0.0239276771681749	0.0114943631633615	0.0181873553076364
0.00968865842092059	-0.000685858439760878	0.00317537038279792
0.0170712224389042	0.00751953255350246	0.0233711351323973
0.0134502987262626	0.0110624162852471	-0.0207323758398661
0.0185313010078088	0.00224254270798019	-0.0129959458381319
-0.00131240038516456	0.0135723776045582	0.0200853592957491
-0.00197160956058040	0.00375000235826173	-0.000523706612004293
0.00328400994574496	0.0174852876028675	0.0359939075731832
0.0313732199195917	0.0349380125024110	0.0569336733074031
-0.00766289963360656	0.00214365327843646	0.0506968510512928
-0.0174593954205231	0.00427331435795297	-0.0106001420873509
0	0.0127122131001549	-0.00597645972441052
0.00455564750018178	0.0146292629093812	-0.0110112148733981
-0.000649601272076250	0.0256030254485355	0.00116466296544671
0.00712206686048456	-0.0134366271219979	0.0104229364192698
